73468878
73702599
73471713
73469286
73537275
73470063
73470351
73227821
72074865
73471358
73227823
72868606
72798521
73345824
73337341
73383102
72539470
73464456
73344413
73088518
73105318
72344916
71069892
72323482
68077706
73433068
71259333
73309289
73324416
73193605
73052949
72653451
73448677
72244468
67115536
73444689
73683801
67251954
72216524
72752600
72162055
72880563
73168419
73643054
73529518
73593909
72225947
45607335
73551924
73444442
73583097
73578267
73397746
73112586
72429329
73259890
72036348
73532164
73046273
73357816
72076236
73388225
67226964
73478031
73013036
69533479
73028008
73505768
69100495
73576354
73149691
73581049
73628215
72659324
73505196
71158485
73473029
72885845
73643055
73478000
70006425
73536796
73591237
73510888
73405415
73450139
72488206
69389773
73536803
73380082
73470511
73351718
72674818
72663017
73222648
73445985
69537461
72887307
49955680
73371410
71821647
72444913
73702267
73407772
73474421
73702799
72359800
73030684
72819441
73390877
73536795
73383410
72812613
73330368
73326874
68381368
69431361
73312969
68599942
73589132
72012099
71094494
73244944
72396146
72212179
73705279
73564440
73504062
73270698
73536802
71938821
73037062
73207596
73502490
73578891
73536797
73222513
71066116
73382630
71010945
73474738
70477269
69856866
73388219
73471489
73508935
70907778
73402078
73566390
73222503
73025537
72945034
73202175
73244652
73037121
72312345
73529952
73446022
73227276
73446286
70820848
73032111
69773037
68879435
72730387
73337881
73502490
67006098
73347631
73256225
73457228
70477269
73466798
72748475
67488072
73166429
54936646
72691756
72234221
68879433
72687495
73091494
53864420
73017209
71221332
73170209
73536807
72064788
73059088
73032111
73035567
72001198
72688089
73078705
70852713
72676489
73477693
73159061
73223849
73380901
72443201
71562226
73077451
73037451
73338779
72739174
69475611
68879434
72754650
69604821
54927527
73090302
72947628
72428181
73144346
73455546
68879433
71831296
73341427
72356248
72746072
73052685
72814312
73536806
70391903
72236599
54936646
69978674
72923721
69863320
72488926
72938288
71714632
72799055
55126935
73403010
72528614
72914934
72748148
73403009
73145241
72746268
70819375
73227826
73072587
72816971
72782526
71937453
71452289
72746270
72923721
73008767
71226409
71210358
71426958
69826026
71113690
73058688
72792000
72983927
72693020
72867688
72688800
71762164
72686997
71983232
72234398
72889287
72022422
71637734
73596419
70688454
67445757
66672507
72918637
72685558
72796611
71271245
72948648
72806412
72661991
72232525
72106801
72424853
67854831
73226688
69900127
72524974
73041312
72361371
73026500
73178410
72786248
72377125
72928509
72939654
69345269
72679638
72947468
72547812
72255042
72195024
73011126
72460074
73036349
73193038
71431791
72279956
68854494
73199648
66066366
68572829
73513134
70137463
72464515
72429898
72946079
73078257
73142451
71862882
73065679
72217524
69354389
73227830
73227827
73041158
72938368
73323172
72938588
73246336
72940395
71343263
73227826
73191185
73097095
71569973
73227824
68352726
72409237
73132702
72580759
69774676
71418146
73244938
70581425
69826026
72408960
72358064
72662633
72865871
73244764
69774675
73092405
72358065
52161189
73170025
72580343
72486819
72258987
73044353
44070869
72792000
71636878
73023173
72455309
68352725
73225073
71645924
72762597
73145240
72283670
71610331
72659158
72794056
72812896
73092404
72397646
72476538
72567313
73015091
72660701
72872653
72732269
69491556
54261880
72285721
72696757
72686247
72491443
72868638
72794464
70052938
72107469
69036350
72822037
72931587
72949860
72849032
72748577
72524774
72398896
72683352
69665488
72374925
71574774
72372070
72864840
71514658
73032906
72320507
72930621
72893010
72369983
72683350
72552113
72695308
70506992
72660700
72883224
72732267
71257325
72394710
72285656
69960528
71274639
70217408
71385303
72476791
71257327
72302665
72316505
70587434
72417836
72351826
71257328
72537599
72417834
71399219
71401172
66147239
72812197
73356851
73586836
73043198
72743750
72451157
73474882
73443339
72213974
71492524
72928034
71971820
73443128
70534476
68702720
71162216
73443318
73443289
72368279
72213769
72212971
73443046
72881029
72429225
73478371
73573173
67471218
73443268
73442885
72749376
73696251
73453368
72878479
73500510
69900152
73245394
72955734
71120366
72340540
72883607
73527881
72229021
73190944
73464656
73251702
71025423
45498560
73351034
71912517
73596644
72420586
73477849
72120422
73379981
71389643
72229023
73454995
73043426
55441562
72557581
70711480
73065679
73146142
72345450
70473067
73202153
72696757
72406931
72933179
66550537
72885228
44531061
72749168
72880478
72884754
73351033
73042873
72309310
69497411
73010627
69667749
73123749
73199408
73255259
71779667
73026903
72154004
69317605
73241523
72422598
72941661
66550537
71634302
73074598
68800655
73042873
72880478
68958646
73026058
70044985
73018453
73201228
73145059
68621600
70710384
71492763
72004088
67996104
67996146
70669339
72695788
72756141
69871409
71902417
68685601
73022481
72804024
70535505
71592841
73009937
73016834
73138065
72759173
71234918
71581979
71614417
70895576
72356204
72758279
54492842
70430355
72739226
70848827
70364815
72376925
67994373
71236496
72698540
70417491
69865413
72787688
73388738
73578619
73537624
73045734
72518293
73535942
72696136
72256652
73203122
73475346
73339358
72750595
72191784
73343157
73445824
73390878
72407753
72731862
73510679
71330127
71781851
71889586
73335637
73070233
67136889
71579194
71873368
72666050
72493176
72820761
67752294
72489714
72888667
66523856
73042740
70806558
72878083
72323871
71468350
72858570
72685489
73669311
73699224
72296391
68381561
73381403
73702727
73702729
73365900
72300169
71258796
73702728
73703509
72177627
71351826
72852493
69199018
72447714
73523341
73700787
66911154
73696713
72786238
73663412
72853957
73525806
71212843
72290685
72231120
73696715
72423957
73665411
72339581
71227206
71263176
71278357
73696716
66548934
73703594
73580351
72657419
71718138
72487382
73698996
46730166
73700157
40846889
70230395
69587693
73704137
73234710
46236237
73700185
47150100
73100984
69977495
73518053
72291182
73100990
73696809
67163666
69772018
73706385
73532565
72162678
72647685
73694050
73014006
73226898
73698157
73698232
72006252
73119742
72162680
73696388
73445409
71577136
73683751
66074752
68661951
69296994
73705919
66638030
73183458
72672160
73194049
71508347
68073855
73503804
70048537
72473974
72665293
69058124
47793829
73696827
48746011
73016469
69559138
72860279
73698764
70336330
73705396
73068206
72348599
72723323
72191123
71115838
72873188
73387099
69772122
71660410
72654390
73630937
73464173
73698858
55889154
71597338
71282425
72047053
72301537
73699985
71115839
69335255
73584015
70905809
73702716
72396889
72724915
73138273
50888440
54716329
73401688
73686870
69772060
71041511
73587471
71518196
71234061
71597339
73468878
73470063
73537275
73471713
72074865
73227823
73227821
73470351
73702599
73469286
73471358
73345824
72868606
73344413
73383102
73337341
71517694
72798521
72539470
73088518
72631869
73105318
72344916
71069892
72323482
68077706
73433068
71259333
73324416
73309289
73193605
72653451
73052949
73448677
73444689
72244468
72216524
72752600
73346930
72663015
69900189
73236397
72225947
73521205
45607335
48411370
73271570
73318478
73444689
70006425
67856203
73643053
73318479
73381978
72429329
73357816
70809271
69755020
73696599
73581287
73388220
72379546
72076236
73388225
67226964
73478031
73013036
69533479
70975727
73505768
73505196
69100495
73576354
73149691
72885845
73643055
73473030
72659324
71158485
73473029
71263834
73475819
73591237
73536796
73405415
73450139
69389773
72488206
73510888
73380082
73470511
73351718
73704880
72663017
73222648
72887307
73536803
72220066
69537461
49955680
73037104
73325392
68025080
72444913
73407772
73474421
72359800
73702266
73030684
73536795
72819441
73536800
73330368
72812613
73326874
68381368
69431361
73312969
68599942
73403751
73570582
71938821
73339744
68918046
73149691
73245033
73209857
73577736
73243228
72687478
73318479
73433195
69431362
71830498
73536801
73407773
73342137
73032180
73492598
72137566
69957813
72396146
72186209
73504062
72212179
73564440
73382630
73643152
73243228
67411146
73270698
71938821
73536798
73536802
73576373
73037062
73207596
73578891
73502490
73536797
73537066
70477269
73222508
69856866
73388219
72288442
73471489
73508935
70907778
67488072
73222503
73402078
72945034
73536799
73037121
73202175
73529952
73446022
73446286
73059939
73592903
73044760
71925039
72687478
73057608
71523297
71956713
73183442
68918046
73446111
73080562
69542170
73237932
69773037
73032159
72398994
72745376
73227836
72531536
72466973
72356248
72052201
68898421
72914934
72659369
68879436
73035567
73471941
73472900
72465827
73270698
70852713
71714632
73044354
72266710
70278353
47897255
73091494
55088580
73072587
72949899
71928834
73455545
73466798
72443201
73077451
71562226
73037451
73338779
69475611
68879434
69604821
72754650
73090302
72947628
73151330
72428181
73455546
73144346
68879433
72266710
72888902
72727436
72746072
72814312
73052685
72236599
70391903
72923721
54936646
69978674
69863320
72799055
72488926
72938288
71714632
72748148
73077974
73403009
72730387
73145241
72746268
70819375
73227826
73072587
72816971
72782526
71937453
71452289
72746270
72923721
73008767
71226409
71210358
71426958
69826026
71113690
73058688
72792000
72983927
72867688
71762164
72688800
71983232
72686997
72889287
72022422
72234398
73596419
71637734
70688454
66672507
72918637
67445757
72796611
71271245
72685558
72806412
72746270
42615019
72106801
73223872
72424853
67854831
73226688
72524974
69900127
73041312
72361371
73026500
72786248
72377125
73178410
72928509
69345269
72939654
72547812
71140682
72947468
72359348
73036349
73193038
71431791
72279956
68854494
73199648
72460074
73059421
68572829
66066366
73513134
70137463
72464515
73011126
72946079
73078257
73142451
71862882
72429898
73092401
70674007
72372070
71030506
72660700
72318059
72417835
69036350
72940395
71399218
72491443
72398896
72761413
72374924
72417834
72403836
70587434
71399219
68896503
66913380
72302665
69572527
73244938
70581425
69826026
72580759
72865871
72408960
72358064
71418146
73244764
70890626
69774675
73092405
72358065
52161189
73170025
68896503
72580343
72486819
72936925
44070869
72792000
71636878
72455309
68352725
73225073
72762597
72283670
71610331
72659158
72397646
71645924
73145240
72812896
73092404
72476538
72567313
73015091
73139707
73050355
72686247
72872653
69491556
72285721
54261880
72696757
72491443
72868638
72794464
70052938
72107469
69036350
72822037
72931587
72949860
72744460
72849032
72748577
72524774
71498941
72401284
72372070
72398896
72726212
72864840
73032906
72320507
72930621
72893010
72369983
72683350
71514658
72552113
70506992
72695308
72660700
72883224
72732267
69295784
72749168
72394710
72285656
69960528
71274639
70217408
71385303
72476791
71257327
72316505
70587434
72537599
71399219
72417836
72351826
71257328
72417834
72302665
71401172
66147239
71358578
73461791
68352725
73022440
73183442
69016625
72746971
73164985
72312345
73392262
68701573
73251702
73472835
66813812
73595622
67054541
73092401
73335168
68116289
73044353
73139707
73478371
73573173
72881029
72429225
73443268
73442885
67471218
72749376
73696251
73453368
72878479
73500510
69900152
73245394
72955734
71120366
72340540
72883607
72466472
72702509
73170375
73241523
71416678
71514658
45498560
70850475
73132702
69774676
70051878
73443417
73255260
73032906
71907512
73139931
72543804
73255259
72887155
70044985
73139690
71902627
73022440
72154001
69608062
71715720
69726115
70507328
69418341
69181729
72666930
73343403
73443417
72558406
73250837
72374978
73085402
66064403
73237788
73131563
71902627
73139931
73199408
73255259
71779667
73026903
72154004
69317605
73241523
72422598
72941661
66550537
71634302
73074598
68800655
73042873
72880478
68958646
73026058
70044985
72946864
71689354
73145059
68621600
70710384
71492763
72004088
67996104
67996146
70669339
72695788
72756141
69871409
71902417
68685601
73022481
72804024
70535505
71592841
73009937
72373055
71270144
70191606
70731531
71212594
54996943
72786877
72492028
72141335
72409117
72817693
69865413
72758279
70848827
72357549
69958172
68621600
72821352
71614417
70364815
72698540
72215879
73388738
73537624
73045734
73535942
72518293
72696136
72256652
73203122
73475346
73339358
72750595
72191784
73343157
73445824
73390877
73390878
72407753
72731862
73510679
70986425
71781851
71889586
73335637
73070233
67136889
71579194
71873368
72666050
72820761
67752294
72493176
72489714
72888667
66523856
73042740
70806558
72878083
72323871
71468350
72431821
73669311
73699224
69651005
71879120
69528554
73702727
72858570
73702729
72296391
73365900
73702728
73703509
68381561
72852493
73381403
72447714
73707468
73523341
69354887
73678767
73706959
73700787
73696713
72786238
73663412
70058603
72231120
73696715
73665411
71492627
69088888
68786694
71702110
73380170
73696716
71508588
73703594
73509399
73352506
66911154
71234270
73487101
72296471
68252711
73700321
48173548
73189532
71833309
71227141
46236237
72852721
73580351
73319720
70230395
73704137
72662215
73296201
72074274
71718138
73014006
72162680
72235684
53385653
73696388
69188616
73196748
71833309
73683751
69973306
67445740
69771993
69614008
70960865
72162679
55420214
53555322
68372185
73705918
55421938
71430363
73183458
71508347
73503804
73381873
73039598
71510068
72227780
72228332
69558404
73696827
69461765
73016469
72396454
55002569
40831790
71995717
71140752
69296994
68661951
66638030
73705396
73068206
71576939
71997991
69657505
40047905
72667441
71603218
70690885
71576608
73630937
67020921
69973928
73464173
72654389
67297545
68438750
73698858
72412432
66218950
73699984
66218935
73702659
70957502
73699985
68737867
72859981
73584015
73696384
72396889
72654392
72698979
73138273
73401688
69758423
73688833
72191139
73013537
72342336
71041511
